24
8
20000  15000  12200	1440	1330	311     110	8
5500   4000   1500	300	1200	50	300	6
8000   7000   2050	3500	5200	8100	2400	10
3200   7000   5600	6800	3400	2600	7800	9
4300   5200   3800	2500	1400	1800	3000	7
2000   5300   6800	3400	3200	1500	1520	7
7000	7500  3300	7800	1000	2000	3000	8
15000	7000	12200	1440	1330	3110	1000	8
2000	4500	1600	3000	1400	500	300	6
3500	5000	2150	1500	1200	1100	2400	10
2300	1000	5600	6800	3000	2000	700	9
1500	1200	3800	4500	3400	2800	1000	7
8500	9300	7800	2900	3600	2500	7500	7
3600	6500	6100	7800	1000	2000	3000	8
8900	2000	3220	144	133	311	100	8
4000	4200	1500	3000	1200	5000	300	6
6500	1000	2100	6500	4200	7100	3400	10
8000	10000	5600	6800	3400	2400	1800	9
1300	3200	1800	1500	5400	2800	2000	7
7200	5300	1800	3400	3600	3500	1200	7
6500	1500	6300	1800	3000	2000	3200	8	
2800	3200	4220	1440	1330	3110	100	8
5300	1000	2500	300	1200	50	300	6
1800	2000	2050	1500	3200	5100	1400	10
		